9
Iddqscdxr
Mowfrxsjy
Ldbefsa
Cbynecdyg
Xxpklore
Lnmpapq
Wkhopkm
Oqhnwn
Uewh
0 16 20 21 26 15 39 16 18 
16 0 33 33 46 12 48 40 31 
20 33 0 40 46 23 37 33 49 
21 33 40 0 19 21 34 10 26 
26 46 46 19 0 50 46 22 50 
15 12 23 21 50 0 30 30 21 
39 48 37 34 46 30 0 43 48 
16 40 33 10 22 30 43 0 29 
18 31 49 26 50 21 48 29 0 

